(kicad_pcb (version 20171130) (host pcbnew 5.0.0-rc2-unknown-a288d61~65~ubuntu18.04.1)

  (general
    (thickness 1.6)
    (drawings 97)
    (tracks 492)
    (zones 0)
    (modules 26)
    (nets 55)
  )

  (page A4)
  (layers
    (0 F.Cu signal)
    (31 B.Cu signal)
    (32 B.Adhes user hide)
    (33 F.Adhes user hide)
    (34 B.Paste user hide)
    (35 F.Paste user hide)
    (36 B.SilkS user hide)
    (37 F.SilkS user)
    (38 B.Mask user)
    (39 F.Mask user)
    (40 Dwgs.User user hide)
    (41 Cmts.User user hide)
    (42 Eco1.User user hide)
    (43 Eco2.User user hide)
    (44 Edge.Cuts user)
    (45 Margin user hide)
    (46 B.CrtYd user hide)
    (47 F.CrtYd user hide)
    (48 B.Fab user hide)
    (49 F.Fab user hide)
  )

  (setup
    (last_trace_width 0.127)
    (trace_clearance 0.127)
    (zone_clearance 0.127)
    (zone_45_only no)
    (trace_min 0.127)
    (segment_width 0.2)
    (edge_width 0.001)
    (via_size 0.6)
    (via_drill 0.3)
    (via_min_size 0.6)
    (via_min_drill 0.3)
    (uvia_size 0.3)
    (uvia_drill 0.1)
    (uvias_allowed no)
    (uvia_min_size 0.2)
    (uvia_min_drill 0.1)
    (pcb_text_width 0.3)
    (pcb_text_size 1.5 1.5)
    (mod_edge_width 0.15)
    (mod_text_size 1 1)
    (mod_text_width 0.15)
    (pad_size 1.7 1.7)
    (pad_drill 1)
    (pad_to_mask_clearance 0)
    (aux_axis_origin 0 0)
    (visible_elements FFFFFF7F)
    (pcbplotparams
      (layerselection 0x310fc_ffffffff)
      (usegerberextensions true)
      (usegerberattributes false)
      (usegerberadvancedattributes false)
      (creategerberjobfile false)
      (excludeedgelayer true)
      (linewidth 0.100000)
      (plotframeref false)
      (viasonmask false)
      (mode 1)
      (useauxorigin false)
      (hpglpennumber 1)
      (hpglpenspeed 20)
      (hpglpendiameter 15.000000)
      (psnegative false)
      (psa4output false)
      (plotreference true)
      (plotvalue true)
      (plotinvisibletext false)
      (padsonsilk false)
      (subtractmaskfromsilk false)
      (outputformat 1)
      (mirror false)
      (drillshape 0)
      (scaleselection 1)
      (outputdirectory ./stm32_sensor_v4_gerber))
  )

  (net 0 "")
  (net 1 GND)
  (net 2 +3V3)
  (net 3 RTCOSC1)
  (net 4 RTCOSC2)
  (net 5 SWDCLK)
  (net 6 SWDIO)
  (net 7 RX)
  (net 8 TX)
  (net 9 PB11)
  (net 10 PB10)
  (net 11 PB1)
  (net 12 PB0)
  (net 13 PA1)
  (net 14 PA0)
  (net 15 BOOT0)
  (net 16 "Net-(R2-Pad1)")
  (net 17 MOSI)
  (net 18 MISO)
  (net 19 SCK)
  (net 20 NSS)
  (net 21 RST)
  (net 22 OSC2)
  (net 23 OSC1)
  (net 24 PA2)
  (net 25 PA3)
  (net 26 PC13)
  (net 27 VBAT)
  (net 28 PB9)
  (net 29 PB8)
  (net 30 PB7)
  (net 31 PB6)
  (net 32 PB5)
  (net 33 PB4)
  (net 34 PB3)
  (net 35 PA15)
  (net 36 PB2)
  (net 37 PB12)
  (net 38 PB13)
  (net 39 PB14)
  (net 40 PB15)
  (net 41 PA8)
  (net 42 PA11)
  (net 43 PA12)
  (net 44 "Net-(C7-Pad2)")
  (net 45 ANT)
  (net 46 "Net-(U2-Pad4)")
  (net 47 "Net-(U2-Pad10)")
  (net 48 "Net-(U2-Pad11)")
  (net 49 "Net-(U2-Pad12)")
  (net 50 "Net-(U3-Pad7)")
  (net 51 "Net-(U3-Pad6)")
  (net 52 "Net-(U3-Pad5)")
  (net 53 "Net-(U3-Pad4)")
  (net 54 "Net-(U3-Pad3)")

  (net_class Default "This is the default net class."
    (clearance 0.127)
    (trace_width 0.127)
    (via_dia 0.6)
    (via_drill 0.3)
    (uvia_dia 0.3)
    (uvia_drill 0.1)
    (add_net +3V3)
    (add_net ANT)
    (add_net BOOT0)
    (add_net GND)
    (add_net MISO)
    (add_net MOSI)
    (add_net NSS)
    (add_net "Net-(C7-Pad2)")
    (add_net "Net-(R2-Pad1)")
    (add_net "Net-(U2-Pad10)")
    (add_net "Net-(U2-Pad11)")
    (add_net "Net-(U2-Pad12)")
    (add_net "Net-(U2-Pad4)")
    (add_net "Net-(U3-Pad3)")
    (add_net "Net-(U3-Pad4)")
    (add_net "Net-(U3-Pad5)")
    (add_net "Net-(U3-Pad6)")
    (add_net "Net-(U3-Pad7)")
    (add_net OSC1)
    (add_net OSC2)
    (add_net PA0)
    (add_net PA1)
    (add_net PA11)
    (add_net PA12)
    (add_net PA15)
    (add_net PA2)
    (add_net PA3)
    (add_net PA8)
    (add_net PB0)
    (add_net PB1)
    (add_net PB10)
    (add_net PB11)
    (add_net PB12)
    (add_net PB13)
    (add_net PB14)
    (add_net PB15)
    (add_net PB2)
    (add_net PB3)
    (add_net PB4)
    (add_net PB5)
    (add_net PB6)
    (add_net PB7)
    (add_net PB8)
    (add_net PB9)
    (add_net PC13)
    (add_net RST)
    (add_net RTCOSC1)
    (add_net RTCOSC2)
    (add_net RX)
    (add_net SCK)
    (add_net SWDCLK)
    (add_net SWDIO)
    (add_net TX)
    (add_net VBAT)
  )

  (module Crystal:Resonator_SMD_muRata_CSTxExxV-3Pin_3.0x1.1mm (layer F.Cu) (tedit 5AD358ED) (tstamp 5B3C8751)
    (at 140.23 94.86 180)
    (descr "SMD Resomator/Filter Murata CSTCE, https://www.murata.com/en-eu/products/productdata/8801162264606/SPEC-CSTNE16M0VH3C000R0.pdf")
    (tags "SMD SMT ceramic resonator filter")
    (path /5B01F4C9)
    (attr smd)
    (fp_text reference Y2 (at -0.062 -0.158 180) (layer F.SilkS)
      (effects (font (size 1 1) (thickness 0.15)))
    )
    (fp_text value 8Mhz (at 0 1.8 180) (layer F.Fab)
      (effects (font (size 0.2 0.2) (thickness 0.03)))
    )
    (fp_text user %R (at 0.1 -0.05 180) (layer F.Fab)
      (effects (font (size 0.6 0.6) (thickness 0.08)))
    )
    (fp_line (start 1.8 1.2) (end 1 1.2) (layer F.SilkS) (width 0.12))
    (fp_line (start 1.8 -1.2) (end 1.8 0.8) (layer F.SilkS) (width 0.12))
    (fp_line (start 1 -1.2) (end 1.8 -1.2) (layer F.SilkS) (width 0.12))
    (fp_line (start -1.8 -1.2) (end -0.8 -1.2) (layer F.SilkS) (width 0.12))
    (fp_line (start -1.8 0.8) (end -1.8 -1.2) (layer F.SilkS) (width 0.12))
    (fp_line (start -0.8 1.2) (end -1.8 1.2) (layer F.SilkS) (width 0.12))
    (fp_line (start -0.8 1.2) (end -0.8 1.6) (layer F.SilkS) (width 0.12))
    (fp_line (start -2 -1.2) (end -2 0.8) (layer F.SilkS) (width 0.12))
    (fp_line (start 1.8 0.8) (end 1.8 1.2) (layer F.SilkS) (width 0.12))
    (fp_line (start -1.8 0.8) (end -1.8 1.2) (layer F.SilkS) (width 0.12))
    (fp_line (start -2 0.8) (end -2 1.2) (layer F.SilkS) (width 0.12))
    (fp_line (start 1.5 0.8) (end 1.5 -0.8) (layer F.Fab) (width 0.1))
    (fp_line (start 1.5 -0.8) (end -1.5 -0.8) (layer F.Fab) (width 0.1))
    (fp_line (start -1 0.8) (end -1.5 0.3) (layer F.Fab) (width 0.1))
    (fp_line (start -1 0.8) (end 1.5 0.8) (layer F.Fab) (width 0.1))
    (fp_line (start -1.5 0.3) (end -1.5 -0.8) (layer F.Fab) (width 0.1))
    (fp_line (start 1.75 1.2) (end -1.75 1.2) (layer F.CrtYd) (width 0.05))
    (fp_line (start -1.75 -1.2) (end 1.75 -1.2) (layer F.CrtYd) (width 0.05))
    (fp_line (start 1.75 -1.2) (end 1.75 1.2) (layer F.CrtYd) (width 0.05))
    (fp_line (start -1.75 1.2) (end -1.75 -1.2) (layer F.CrtYd) (width 0.05))
    (pad 1 smd rect (at -1.2 0 180) (size 0.4 1.9) (layers F.Cu F.Paste F.Mask)
      (net 23 OSC1))
    (pad 2 smd rect (at 0 0 180) (size 0.4 1.9) (layers F.Cu F.Paste F.Mask)
      (net 1 GND))
    (pad 3 smd rect (at 1.2 0 180) (size 0.4 1.9) (layers F.Cu F.Paste F.Mask)
      (net 22 OSC2))
    (model ${KISYS3DMOD}/Crystal.3dshapes/Resonator_SMD_muRata_CSTxExxV-3Pin_3.0x1.1mm.wrl
      (at (xyz 0 0 0))
      (scale (xyz 1 1 1))
      (rotate (xyz 0 0 0))
    )
  )

  (module Headers:PinSocket_1x08_P2.54mm_Vertical_Clear locked (layer F.Cu) (tedit 5B30A2B5) (tstamp 5B46D2BF)
    (at 128.16 91.69)
    (descr "Through hole straight socket strip, 1x08, 2.54mm pitch, single row (from Kicad 4.0.7), script generated")
    (tags "Through hole socket strip THT 1x08 2.54mm single row")
    (path /5B4EB6A9)
    (fp_text reference J1 (at 0 -2.77) (layer F.SilkS) hide
      (effects (font (size 1 1) (thickness 0.15)))
    )
    (fp_text value "Conn Side" (at 0 20.55) (layer F.Fab)
      (effects (font (size 1 1) (thickness 0.15)))
    )
    (fp_text user %R (at 0 8.89 90) (layer F.Fab)
      (effects (font (size 1 1) (thickness 0.15)))
    )
    (fp_line (start -1.8 19.55) (end -1.8 -1.8) (layer F.CrtYd) (width 0.05))
    (fp_line (start 1.75 19.55) (end -1.8 19.55) (layer F.CrtYd) (width 0.05))
    (fp_line (start 1.75 -1.8) (end 1.75 19.55) (layer F.CrtYd) (width 0.05))
    (fp_line (start -1.8 -1.8) (end 1.75 -1.8) (layer F.CrtYd) (width 0.05))
    (fp_line (start -1.27 19.05) (end -1.27 -1.27) (layer F.Fab) (width 0.1))
    (fp_line (start 1.27 19.05) (end -1.27 19.05) (layer F.Fab) (width 0.1))
    (fp_line (start 1.27 -0.635) (end 1.27 19.05) (layer F.Fab) (width 0.1))
    (fp_line (start 0.635 -1.27) (end 1.27 -0.635) (layer F.Fab) (width 0.1))
    (fp_line (start -1.27 -1.27) (end 0.635 -1.27) (layer F.Fab) (width 0.1))
    (pad 8 thru_hole oval (at 0 17.78) (size 1.7 1.7) (drill 1) (layers *.Cu *.Mask)
      (net 12 PB0))
    (pad 7 thru_hole oval (at 0 15.24) (size 1.7 1.7) (drill 1) (layers *.Cu *.Mask)
      (net 17 MOSI))
    (pad 6 thru_hole oval (at 0 12.7) (size 1.7 1.7) (drill 1) (layers *.Cu *.Mask)
      (net 18 MISO))
    (pad 5 thru_hole oval (at 0 10.16) (size 1.7 1.7) (drill 1) (layers *.Cu *.Mask)
      (net 19 SCK))
    (pad 4 thru_hole oval (at 0 7.62) (size 1.7 1.7) (drill 1) (layers *.Cu *.Mask)
      (net 20 NSS))
    (pad 3 thru_hole oval (at 0 5.08) (size 1.7 1.7) (drill 1) (layers *.Cu *.Mask)
      (net 25 PA3))
    (pad 2 thru_hole oval (at 0 2.54) (size 1.7 1.7) (drill 1) (layers *.Cu *.Mask)
      (net 24 PA2))
    (pad 1 thru_hole circle (at 0 0) (size 1.7 1.7) (drill 1) (layers *.Cu *.Mask)
      (net 13 PA1))
  )

  (module Headers:PinSocket_1x08_P2.54mm_Vertical_Clear (layer F.Cu) (tedit 5B30A2B5) (tstamp 5B46D318)
    (at 161.18 91.69)
    (descr "Through hole straight socket strip, 1x08, 2.54mm pitch, single row (from Kicad 4.0.7), script generated")
    (tags "Through hole socket strip THT 1x08 2.54mm single row")
    (path /5B4DBED4)
    (fp_text reference J4 (at 0 -2.77) (layer F.SilkS) hide
      (effects (font (size 1 1) (thickness 0.15)))
    )
    (fp_text value "Conn Prog" (at 0 20.55) (layer F.Fab)
      (effects (font (size 1 1) (thickness 0.15)))
    )
    (fp_text user %R (at 0 8.89 90) (layer F.Fab)
      (effects (font (size 1 1) (thickness 0.15)))
    )
    (fp_line (start -1.8 19.55) (end -1.8 -1.8) (layer F.CrtYd) (width 0.05))
    (fp_line (start 1.75 19.55) (end -1.8 19.55) (layer F.CrtYd) (width 0.05))
    (fp_line (start 1.75 -1.8) (end 1.75 19.55) (layer F.CrtYd) (width 0.05))
    (fp_line (start -1.8 -1.8) (end 1.75 -1.8) (layer F.CrtYd) (width 0.05))
    (fp_line (start -1.27 19.05) (end -1.27 -1.27) (layer F.Fab) (width 0.1))
    (fp_line (start 1.27 19.05) (end -1.27 19.05) (layer F.Fab) (width 0.1))
    (fp_line (start 1.27 -0.635) (end 1.27 19.05) (layer F.Fab) (width 0.1))
    (fp_line (start 0.635 -1.27) (end 1.27 -0.635) (layer F.Fab) (width 0.1))
    (fp_line (start -1.27 -1.27) (end 0.635 -1.27) (layer F.Fab) (width 0.1))
    (pad 8 thru_hole oval (at 0 17.78) (size 1.7 1.7) (drill 1) (layers *.Cu *.Mask)
      (net 8 TX))
    (pad 7 thru_hole oval (at 0 15.24) (size 1.7 1.7) (drill 1) (layers *.Cu *.Mask)
      (net 7 RX))
    (pad 6 thru_hole oval (at 0 12.7) (size 1.7 1.7) (drill 1) (layers *.Cu *.Mask)
      (net 6 SWDIO))
    (pad 5 thru_hole oval (at 0 10.16) (size 1.7 1.7) (drill 1) (layers *.Cu *.Mask)
      (net 5 SWDCLK))
    (pad 4 thru_hole oval (at 0 7.62) (size 1.7 1.7) (drill 1) (layers *.Cu *.Mask)
      (net 2 +3V3))
    (pad 3 thru_hole oval (at 0 5.08) (size 1.7 1.7) (drill 1) (layers *.Cu *.Mask)
      (net 1 GND))
    (pad 2 thru_hole oval (at 0 2.54) (size 1.7 1.7) (drill 1) (layers *.Cu *.Mask)
      (net 45 ANT))
    (pad 1 thru_hole circle (at 0 0) (size 1.7 1.7) (drill 1) (layers *.Cu *.Mask)
      (net 1 GND))
  )

  (module Headers:PinHeader_1x12_P2.54mm_Vertical_Clear (layer F.Cu) (tedit 5B2A5D3E) (tstamp 5B46D2DA)
    (at 130.7 109.47 90)
    (descr "Through hole straight pin header, 1x12, 2.54mm pitch, single row")
    (tags "Through hole pin header THT 1x12 2.54mm single row")
    (path /5B385F3D)
    (fp_text reference J2 (at 0 -2.33 90) (layer F.SilkS) hide
      (effects (font (size 1 1) (thickness 0.15)))
    )
    (fp_text value "Conn Down" (at 0 30.27 90) (layer F.Fab)
      (effects (font (size 1 1) (thickness 0.15)))
    )
    (fp_line (start -0.635 -1.27) (end 1.27 -1.27) (layer F.Fab) (width 0.1))
    (fp_line (start 1.27 -1.27) (end 1.27 29.21) (layer F.Fab) (width 0.1))
    (fp_line (start 1.27 29.21) (end -1.27 29.21) (layer F.Fab) (width 0.1))
    (fp_line (start -1.27 29.21) (end -1.27 -0.635) (layer F.Fab) (width 0.1))
    (fp_line (start -1.27 -0.635) (end -0.635 -1.27) (layer F.Fab) (width 0.1))
    (fp_line (start -1.8 -1.8) (end -1.8 29.75) (layer F.CrtYd) (width 0.05))
    (fp_line (start -1.8 29.75) (end 1.8 29.75) (layer F.CrtYd) (width 0.05))
    (fp_line (start 1.8 29.75) (end 1.8 -1.8) (layer F.CrtYd) (width 0.05))
    (fp_line (start 1.8 -1.8) (end -1.8 -1.8) (layer F.CrtYd) (width 0.05))
    (fp_text user %R (at 0 13.97 -180) (layer F.Fab)
      (effects (font (size 1 1) (thickness 0.15)))
    )
    (pad 1 thru_hole circle (at 0 0 90) (size 1.7 1.7) (drill 1) (layers *.Cu *.Mask)
      (net 11 PB1))
    (pad 2 thru_hole oval (at 0 2.54 90) (size 1.7 1.7) (drill 1) (layers *.Cu *.Mask)
      (net 36 PB2))
    (pad 3 thru_hole oval (at 0 5.08 90) (size 1.7 1.7) (drill 1) (layers *.Cu *.Mask)
      (net 10 PB10))
    (pad 4 thru_hole oval (at 0 7.62 90) (size 1.7 1.7) (drill 1) (layers *.Cu *.Mask)
      (net 9 PB11))
    (pad 5 thru_hole oval (at 0 10.16 90) (size 1.7 1.7) (drill 1) (layers *.Cu *.Mask)
      (net 37 PB12))
    (pad 6 thru_hole oval (at 0 12.7 90) (size 1.7 1.7) (drill 1) (layers *.Cu *.Mask)
      (net 38 PB13))
    (pad 7 thru_hole oval (at 0 15.24 90) (size 1.7 1.7) (drill 1) (layers *.Cu *.Mask)
      (net 39 PB14))
    (pad 8 thru_hole oval (at 0 17.78 90) (size 1.7 1.7) (drill 1) (layers *.Cu *.Mask)
      (net 40 PB15))
    (pad 9 thru_hole oval (at 0 20.32 90) (size 1.7 1.7) (drill 1) (layers *.Cu *.Mask)
      (net 41 PA8))
    (pad 10 thru_hole oval (at 0 22.86 90) (size 1.7 1.7) (drill 1) (layers *.Cu *.Mask)
      (net 42 PA11))
    (pad 11 thru_hole oval (at 0 25.4 90) (size 1.7 1.7) (drill 1) (layers *.Cu *.Mask)
      (net 43 PA12))
    (pad 12 thru_hole oval (at 0 27.94 90) (size 1.7 1.7) (drill 1) (layers *.Cu *.Mask)
      (net 2 +3V3))
  )

  (module Headers:PinHeader_1x12_P2.54mm_Vertical_Clear (layer F.Cu) (tedit 5B2A5D3E) (tstamp 5B46D2F9)
    (at 158.64 91.69 270)
    (descr "Through hole straight pin header, 1x12, 2.54mm pitch, single row")
    (tags "Through hole pin header THT 1x12 2.54mm single row")
    (path /5B385E55)
    (fp_text reference J3 (at 0 -2.33 270) (layer F.SilkS) hide
      (effects (font (size 1 1) (thickness 0.15)))
    )
    (fp_text value "Conn Up" (at 0 30.27 270) (layer F.Fab)
      (effects (font (size 1 1) (thickness 0.15)))
    )
    (fp_line (start -0.635 -1.27) (end 1.27 -1.27) (layer F.Fab) (width 0.1))
    (fp_line (start 1.27 -1.27) (end 1.27 29.21) (layer F.Fab) (width 0.1))
    (fp_line (start 1.27 29.21) (end -1.27 29.21) (layer F.Fab) (width 0.1))
    (fp_line (start -1.27 29.21) (end -1.27 -0.635) (layer F.Fab) (width 0.1))
    (fp_line (start -1.27 -0.635) (end -0.635 -1.27) (layer F.Fab) (width 0.1))
    (fp_line (start -1.8 -1.8) (end -1.8 29.75) (layer F.CrtYd) (width 0.05))
    (fp_line (start -1.8 29.75) (end 1.8 29.75) (layer F.CrtYd) (width 0.05))
    (fp_line (start 1.8 29.75) (end 1.8 -1.8) (layer F.CrtYd) (width 0.05))
    (fp_line (start 1.8 -1.8) (end -1.8 -1.8) (layer F.CrtYd) (width 0.05))
    (fp_text user %R (at 0 13.97) (layer F.Fab)
      (effects (font (size 1 1) (thickness 0.15)))
    )
    (pad 1 thru_hole circle (at 0 0 270) (size 1.7 1.7) (drill 1) (layers *.Cu *.Mask)
      (net 35 PA15))
    (pad 2 thru_hole oval (at 0 2.54 270) (size 1.7 1.7) (drill 1) (layers *.Cu *.Mask)
      (net 34 PB3))
    (pad 3 thru_hole oval (at 0 5.08 270) (size 1.7 1.7) (drill 1) (layers *.Cu *.Mask)
      (net 33 PB4))
    (pad 4 thru_hole oval (at 0 7.62 270) (size 1.7 1.7) (drill 1) (layers *.Cu *.Mask)
      (net 32 PB5))
    (pad 5 thru_hole oval (at 0 10.16 270) (size 1.7 1.7) (drill 1) (layers *.Cu *.Mask)
      (net 31 PB6))
    (pad 6 thru_hole oval (at 0 12.7 270) (size 1.7 1.7) (drill 1) (layers *.Cu *.Mask)
      (net 30 PB7))
    (pad 7 thru_hole oval (at 0 15.24 270) (size 1.7 1.7) (drill 1) (layers *.Cu *.Mask)
      (net 29 PB8))
    (pad 8 thru_hole oval (at 0 17.78 270) (size 1.7 1.7) (drill 1) (layers *.Cu *.Mask)
      (net 28 PB9))
    (pad 9 thru_hole oval (at 0 20.32 270) (size 1.7 1.7) (drill 1) (layers *.Cu *.Mask)
      (net 27 VBAT))
    (pad 10 thru_hole oval (at 0 22.86 270) (size 1.7 1.7) (drill 1) (layers *.Cu *.Mask)
      (net 26 PC13))
    (pad 11 thru_hole oval (at 0 25.4 270) (size 1.7 1.7) (drill 1) (layers *.Cu *.Mask)
      (net 21 RST))
    (pad 12 thru_hole oval (at 0 27.94 270) (size 1.7 1.7) (drill 1) (layers *.Cu *.Mask)
      (net 14 PA0))
  )

  (module Button_Switch_SMD:SW_SPST_CK_RS282G05A3 (layer F.Cu) (tedit 5B2BF7AE) (tstamp 5B3A74F7)
    (at 133.94 105.6)
    (descr https://www.mouser.com/ds/2/60/RS-282G05A-SM_RT-1159762.pdf)
    (tags "SPST button tactile switch")
    (path /5B00AA22)
    (attr smd)
    (fp_text reference SW1 (at -0.01 -0.01) (layer F.SilkS)
      (effects (font (size 0.6 0.6) (thickness 0.15)))
    )
    (fp_text value SW_Reset (at 0 3) (layer F.Fab)
      (effects (font (size 1 1) (thickness 0.15)))
    )
    (fp_line (start 3 -1.8) (end 3 1.8) (layer F.Fab) (width 0.1))
    (fp_line (start -3 -1.8) (end -3 1.8) (layer F.Fab) (width 0.1))
    (fp_line (start -3 -1.8) (end 3 -1.8) (layer F.Fab) (width 0.1))
    (fp_line (start -3 1.8) (end 3 1.8) (layer F.Fab) (width 0.1))
    (fp_line (start -1.5 -0.8) (end -1.5 0.8) (layer F.Fab) (width 0.1))
    (fp_line (start 1.5 -0.8) (end 1.5 0.8) (layer F.Fab) (width 0.1))
    (fp_line (start -1.5 -0.8) (end 1.5 -0.8) (layer F.Fab) (width 0.1))
    (fp_line (start -1.5 0.8) (end 1.5 0.8) (layer F.Fab) (width 0.1))
    (fp_line (start -3.06 1.85) (end -3.06 -1.85) (layer F.SilkS) (width 0.12))
    (fp_line (start 3.06 1.85) (end -3.06 1.85) (layer F.SilkS) (width 0.12))
    (fp_line (start 3.06 -1.85) (end 3.06 1.85) (layer F.SilkS) (width 0.12))
    (fp_line (start -3.06 -1.85) (end 3.06 -1.85) (layer F.SilkS) (width 0.12))
    (fp_line (start -1.75 1) (end -1.75 -1) (layer F.Fab) (width 0.1))
    (fp_line (start 1.75 1) (end -1.75 1) (layer F.Fab) (width 0.1))
    (fp_line (start 1.75 -1) (end 1.75 1) (layer F.Fab) (width 0.1))
    (fp_line (start -1.75 -1) (end 1.75 -1) (layer F.Fab) (width 0.1))
    (fp_text user %R (at 0 -2.6) (layer F.Fab)
      (effects (font (size 1 1) (thickness 0.15)))
    )
    (fp_line (start -4.9 -2.05) (end 4.9 -2.05) (layer F.CrtYd) (width 0.05))
    (fp_line (start 4.9 -2.05) (end 4.9 2.05) (layer F.CrtYd) (width 0.05))
    (fp_line (start 4.9 2.05) (end -4.9 2.05) (layer F.CrtYd) (width 0.05))
    (fp_line (start -4.9 2.05) (end -4.9 -2.05) (layer F.CrtYd) (width 0.05))
    (pad 2 smd rect (at 3.9 0) (size 1.5 1.5) (layers F.Cu F.Paste F.Mask)
      (net 21 RST))
    (pad 1 smd rect (at -3.9 0) (size 1.5 1.5) (layers F.Cu F.Paste F.Mask)
      (net 1 GND))
    (model ${KISYS3DMOD}/Button_Switch_SMD.3dshapes/SW_SPST_CK_RS282G05A3.wrl
      (at (xyz 0 0 0))
      (scale (xyz 1 1 1))
      (rotate (xyz 0 0 0))
    )
  )

  (module RF:RFM69CW-XXXS2 (layer B.Cu) (tedit 5B30A4B4) (tstamp 5B2BEDCA)
    (at 149.3 100.6 180)
    (descr "HOPE RF RFM69CW RF TRANSCIEVER")
    (tags "HOPE RF RFM69CW RF TRANSCIEVER")
    (path /5B47773E)
    (attr smd)
    (fp_text reference U2 (at 0 7.366 180) (layer B.SilkS) hide
      (effects (font (size 0.6096 0.6096) (thickness 0.127)) (justify mirror))
    )
    (fp_text value RFM69 (at 1.35 -0.03 180) (layer B.SilkS) hide
      (effects (font (size 0.9 0.9) (thickness 0.127)) (justify mirror))
    )
    (fp_line (start -8.12546 8.12546) (end 8.12546 8.12546) (layer B.SilkS) (width 0.2032))
    (fp_line (start 8.12546 -8.12546) (end -8.12546 -8.12546) (layer B.SilkS) (width 0.2032))
    (fp_line (start -3.99796 1.99898) (end -3.99796 -1.99898) (layer Dwgs.User) (width 0.2032))
    (fp_line (start -3.99796 -1.99898) (end 0 -1.99898) (layer Dwgs.User) (width 0.2032))
    (fp_line (start 0 -1.99898) (end 0 1.99898) (layer Dwgs.User) (width 0.2032))
    (fp_line (start 0 1.99898) (end -3.99796 1.99898) (layer Dwgs.User) (width 0.2032))
    (fp_line (start 1.99898 -0.49784) (end 1.99898 1.4986) (layer Dwgs.User) (width 0.2032))
    (fp_line (start 3.99796 1.4986) (end 1.99898 1.4986) (layer Dwgs.User) (width 0.2032))
    (fp_line (start 3.99796 -0.49784) (end 3.99796 1.4986) (layer Dwgs.User) (width 0.2032))
    (fp_line (start 3.99796 -0.49784) (end 1.99898 -0.49784) (layer Dwgs.User) (width 0.2032))
    (fp_line (start -7.99846 -7.99846) (end 7.99846 -7.99846) (layer Dwgs.User) (width 0.127))
    (fp_line (start 7.99846 -7.99846) (end 7.99846 7.99846) (layer Dwgs.User) (width 0.127))
    (fp_line (start 7.99846 7.99846) (end -7.99846 7.99846) (layer Dwgs.User) (width 0.127))
    (fp_line (start -7.99846 7.99846) (end -7.99846 -7.99846) (layer Dwgs.User) (width 0.127))
    (fp_line (start -8.12546 6.858) (end -8.12546 8.12546) (layer B.SilkS) (width 0.2032))
    (fp_line (start -8.12546 -8.12546) (end -8.12546 -6.858) (layer B.SilkS) (width 0.2032))
    (fp_line (start 8.12546 -6.858) (end 8.12546 -8.12546) (layer B.SilkS) (width 0.2032))
    (fp_line (start -8.12546 4.826) (end -8.12546 5.1562) (layer B.SilkS) (width 0.2032))
    (fp_line (start 8.12546 8.12546) (end 8.12546 6.858) (layer B.SilkS) (width 0.2032))
    (fp_line (start -8.12546 2.82448) (end -8.12546 3.15468) (layer B.SilkS) (width 0.2032))
    (fp_line (start -8.12546 0.8255) (end -8.12546 1.1557) (layer B.SilkS) (width 0.2032))
    (fp_line (start -8.12546 -1.17348) (end -8.12546 -0.84328) (layer B.SilkS) (width 0.2032))
    (fp_line (start -8.12546 -3.17246) (end -8.12546 -2.84226) (layer B.SilkS) (width 0.2032))
    (fp_line (start -8.12546 -5.17398) (end -8.12546 -4.84378) (layer B.SilkS) (width 0.2032))
    (fp_line (start 8.12546 -4.826) (end 8.12546 -5.1562) (layer B.SilkS) (width 0.2032))
    (fp_line (start 8.12546 -2.82448) (end 8.12546 -3.15468) (layer B.SilkS) (width 0.2032))
    (fp_line (start 8.12546 -0.8255) (end 8.12546 -1.1557) (layer B.SilkS) (width 0.2032))
    (fp_line (start 8.12546 1.17348) (end 8.12546 0.84328) (layer B.SilkS) (width 0.2032))
    (fp_line (start 8.12546 3.17246) (end 8.12546 2.84226) (layer B.SilkS) (width 0.2032))
    (fp_line (start 8.12546 5.17398) (end 8.12546 4.84378) (layer B.SilkS) (width 0.2032))
    (fp_circle (center -8.88746 7.49046) (end -8.88746 7.99846) (layer B.SilkS) (width 0))
    (fp_text user 1 (at -4.84886 5.98424 180) (layer Dwgs.User)
      (effects (font (size 1.27 1.27) (thickness 0.1524)))
    )
    (pad 1 smd rect (at -7.49808 5.99948 180) (size 2.99974 1.19888) (layers B.Cu B.Paste B.Mask)
      (net 45 ANT) (solder_mask_margin 0.1016))
    (pad 2 smd rect (at -7.49808 3.99796 180) (size 2.99974 1.19888) (layers B.Cu B.Paste B.Mask)
      (net 2 +3V3) (solder_mask_margin 0.1016))
    (pad 3 smd rect (at -7.49808 1.99898 180) (size 2.99974 1.19888) (layers B.Cu B.Paste B.Mask)
      (net 1 GND) (solder_mask_margin 0.1016))
    (pad 4 smd rect (at -7.49808 0 180) (size 2.99974 1.19888) (layers B.Cu B.Paste B.Mask)
      (net 46 "Net-(U2-Pad4)") (solder_mask_margin 0.1016))
    (pad 5 smd rect (at -7.49808 -1.99898 180) (size 2.99974 1.19888) (layers B.Cu B.Paste B.Mask)
      (net 17 MOSI) (solder_mask_margin 0.1016))
    (pad 6 smd rect (at -7.49808 -3.99796 180) (size 2.99974 1.19888) (layers B.Cu B.Paste B.Mask)
      (net 19 SCK) (solder_mask_margin 0.1016))
    (pad 7 smd rect (at -7.49808 -5.99948 180) (size 2.99974 1.19888) (layers B.Cu B.Paste B.Mask)
      (net 20 NSS) (solder_mask_margin 0.1016))
    (pad 8 smd rect (at 7.49808 -5.99948 180) (size 2.99974 1.19888) (layers B.Cu B.Paste B.Mask)
      (net 18 MISO) (solder_mask_margin 0.1016))
    (pad 9 smd rect (at 7.49808 -3.99796 180) (size 2.99974 1.19888) (layers B.Cu B.Paste B.Mask)
      (net 25 PA3) (solder_mask_margin 0.1016))
    (pad 10 smd rect (at 7.49808 -1.99898 180) (size 2.99974 1.19888) (layers B.Cu B.Paste B.Mask)
      (net 47 "Net-(U2-Pad10)") (solder_mask_margin 0.1016))
    (pad 11 smd rect (at 7.49808 0 180) (size 2.99974 1.19888) (layers B.Cu B.Paste B.Mask)
      (net 48 "Net-(U2-Pad11)") (solder_mask_margin 0.1016))
    (pad 12 smd rect (at 7.49808 1.99898 180) (size 2.99974 1.19888) (layers B.Cu B.Paste B.Mask)
      (net 49 "Net-(U2-Pad12)") (solder_mask_margin 0.1016))
    (pad 13 smd rect (at 7.49808 3.99796 180) (size 2.99974 1.19888) (layers B.Cu B.Paste B.Mask)
      (net 24 PA2) (solder_mask_margin 0.1016))
    (pad 14 smd rect (at 7.49808 5.99948 180) (size 2.99974 1.19888) (layers B.Cu B.Paste B.Mask)
      (net 1 GND) (solder_mask_margin 0.1016))
  )

  (module Capacitor_SMD:C_0603_1608Metric (layer F.Cu) (tedit 5B2B8534) (tstamp 5B2BEC52)
    (at 137.1 102.8)
    (descr "Capacitor SMD 0603 (1608 Metric), square (rectangular) end terminal, IPC_7351 nominal, (Body size source: http://www.tortai-tech.com/upload/download/2011102023233369053.pdf), generated with kicad-footprint-generator")
    (tags capacitor)
    (path /5B00ABE9)
    (attr smd)
    (fp_text reference C1 (at 0.027999 0.0105) (layer F.SilkS)
      (effects (font (size 0.4 0.4) (thickness 0.1)))
    )
    (fp_text value 1uF (at 0 1.43) (layer F.Fab)
      (effects (font (size 1 1) (thickness 0.15)))
    )
    (fp_line (start -0.8 0.4) (end -0.8 -0.4) (layer F.Fab) (width 0.1))
    (fp_line (start -0.8 -0.4) (end 0.8 -0.4) (layer F.Fab) (width 0.1))
    (fp_line (start 0.8 -0.4) (end 0.8 0.4) (layer F.Fab) (width 0.1))
    (fp_line (start 0.8 0.4) (end -0.8 0.4) (layer F.Fab) (width 0.1))
    (fp_line (start -0.162779 -0.51) (end 0.162779 -0.51) (layer F.SilkS) (width 0.12))
    (fp_line (start -0.162779 0.51) (end 0.162779 0.51) (layer F.SilkS) (width 0.12))
    (fp_line (start -1.48 0.73) (end -1.48 -0.73) (layer F.CrtYd) (width 0.05))
    (fp_line (start -1.48 -0.73) (end 1.48 -0.73) (layer F.CrtYd) (width 0.05))
    (fp_line (start 1.48 -0.73) (end 1.48 0.73) (layer F.CrtYd) (width 0.05))
    (fp_line (start 1.48 0.73) (end -1.48 0.73) (layer F.CrtYd) (width 0.05))
    (fp_text user %R (at 0 0) (layer F.Fab)
      (effects (font (size 0.4 0.4) (thickness 0.06)))
    )
    (pad 1 smd roundrect (at -0.7875 0) (size 0.875 0.95) (layers F.Cu F.Paste F.Mask) (roundrect_rratio 0.25)
      (net 21 RST))
    (pad 2 smd roundrect (at 0.7875 0) (size 0.875 0.95) (layers F.Cu F.Paste F.Mask) (roundrect_rratio 0.25)
      (net 1 GND))
    (model ${KISYS3DMOD}/Capacitor_SMD.3dshapes/C_0603_1608Metric.wrl
      (at (xyz 0 0 0))
      (scale (xyz 1 1 1))
      (rotate (xyz 0 0 0))
    )
  )

  (module Capacitor_SMD:C_0603_1608Metric (layer F.Cu) (tedit 5B2B84C7) (tstamp 5B2BEC63)
    (at 151.55 101.85 90)
    (descr "Capacitor SMD 0603 (1608 Metric), square (rectangular) end terminal, IPC_7351 nominal, (Body size source: http://www.tortai-tech.com/upload/download/2011102023233369053.pdf), generated with kicad-footprint-generator")
    (tags capacitor)
    (path /5B008160)
    (attr smd)
    (fp_text reference C2 (at 0 0.0555 90) (layer F.SilkS)
      (effects (font (size 0.4 0.4) (thickness 0.1)))
    )
    (fp_text value 0.1uF (at 0 1.43 90) (layer F.Fab)
      (effects (font (size 1 1) (thickness 0.15)))
    )
    (fp_text user %R (at 0 0 90) (layer F.Fab)
      (effects (font (size 0.4 0.4) (thickness 0.06)))
    )
    (fp_line (start 1.48 0.73) (end -1.48 0.73) (layer F.CrtYd) (width 0.05))
    (fp_line (start 1.48 -0.73) (end 1.48 0.73) (layer F.CrtYd) (width 0.05))
    (fp_line (start -1.48 -0.73) (end 1.48 -0.73) (layer F.CrtYd) (width 0.05))
    (fp_line (start -1.48 0.73) (end -1.48 -0.73) (layer F.CrtYd) (width 0.05))
    (fp_line (start -0.162779 0.51) (end 0.162779 0.51) (layer F.SilkS) (width 0.12))
    (fp_line (start -0.162779 -0.51) (end 0.162779 -0.51) (layer F.SilkS) (width 0.12))
    (fp_line (start 0.8 0.4) (end -0.8 0.4) (layer F.Fab) (width 0.1))
    (fp_line (start 0.8 -0.4) (end 0.8 0.4) (layer F.Fab) (width 0.1))
    (fp_line (start -0.8 -0.4) (end 0.8 -0.4) (layer F.Fab) (width 0.1))
    (fp_line (start -0.8 0.4) (end -0.8 -0.4) (layer F.Fab) (width 0.1))
    (pad 2 smd roundrect (at 0.7875 0 90) (size 0.875 0.95) (layers F.Cu F.Paste F.Mask) (roundrect_rratio 0.25)
      (net 1 GND))
    (pad 1 smd roundrect (at -0.7875 0 90) (size 0.875 0.95) (layers F.Cu F.Paste F.Mask) (roundrect_rratio 0.25)
      (net 2 +3V3))
    (model ${KISYS3DMOD}/Capacitor_SMD.3dshapes/C_0603_1608Metric.wrl
      (at (xyz 0 0 0))
      (scale (xyz 1 1 1))
      (rotate (xyz 0 0 0))
    )
  )

  (module Capacitor_SMD:C_0603_1608Metric (layer F.Cu) (tedit 5B2B8541) (tstamp 5B2BBCF8)
    (at 148.5 94.2)
    (descr "Capacitor SMD 0603 (1608 Metric), square (rectangular) end terminal, IPC_7351 nominal, (Body size source: http://www.tortai-tech.com/upload/download/2011102023233369053.pdf), generated with kicad-footprint-generator")
    (tags capacitor)
    (path /5B008DF5)
    (attr smd)
    (fp_text reference C3 (at -0.023428 0.0605) (layer F.SilkS)
      (effects (font (size 0.4 0.4) (thickness 0.1)))
    )
    (fp_text value 0.1uF (at 0 1.43) (layer F.Fab)
      (effects (font (size 1 1) (thickness 0.15)))
    )
    (fp_line (start -0.8 0.4) (end -0.8 -0.4) (layer F.Fab) (width 0.1))
    (fp_line (start -0.8 -0.4) (end 0.8 -0.4) (layer F.Fab) (width 0.1))
    (fp_line (start 0.8 -0.4) (end 0.8 0.4) (layer F.Fab) (width 0.1))
    (fp_line (start 0.8 0.4) (end -0.8 0.4) (layer F.Fab) (width 0.1))
    (fp_line (start -0.162779 -0.51) (end 0.162779 -0.51) (layer F.SilkS) (width 0.12))
    (fp_line (start -0.162779 0.51) (end 0.162779 0.51) (layer F.SilkS) (width 0.12))
    (fp_line (start -1.48 0.73) (end -1.48 -0.73) (layer F.CrtYd) (width 0.05))
    (fp_line (start -1.48 -0.73) (end 1.48 -0.73) (layer F.CrtYd) (width 0.05))
    (fp_line (start 1.48 -0.73) (end 1.48 0.73) (layer F.CrtYd) (width 0.05))
    (fp_line (start 1.48 0.73) (end -1.48 0.73) (layer F.CrtYd) (width 0.05))
    (fp_text user %R (at 0 0) (layer F.Fab)
      (effects (font (size 0.4 0.4) (thickness 0.06)))
    )
    (pad 1 smd roundrect (at -0.7875 0) (size 0.875 0.95) (layers F.Cu F.Paste F.Mask) (roundrect_rratio 0.25)
      (net 2 +3V3))
    (pad 2 smd roundrect (at 0.7875 0) (size 0.875 0.95) (layers F.Cu F.Paste F.Mask) (roundrect_rratio 0.25)
      (net 1 GND))
    (model ${KISYS3DMOD}/Capacitor_SMD.3dshapes/C_0603_1608Metric.wrl
      (at (xyz 0 0 0))
      (scale (xyz 1 1 1))
      (rotate (xyz 0 0 0))
    )
  )

  (module Capacitor_SMD:C_0603_1608Metric (layer F.Cu) (tedit 5B2B8548) (tstamp 5B2BB601)
    (at 141.65 106.75 180)
    (descr "Capacitor SMD 0603 (1608 Metric), square (rectangular) end terminal, IPC_7351 nominal, (Body size source: http://www.tortai-tech.com/upload/download/2011102023233369053.pdf), generated with kicad-footprint-generator")
    (tags capacitor)
    (path /5B009185)
    (attr smd)
    (fp_text reference C4 (at 0 0.0355 180) (layer F.SilkS)
      (effects (font (size 0.4 0.4) (thickness 0.1)))
    )
    (fp_text value 0.1uF (at 0 1.43 180) (layer F.Fab)
      (effects (font (size 1 1) (thickness 0.15)))
    )
    (fp_text user %R (at 0 0 180) (layer F.Fab)
      (effects (font (size 0.4 0.4) (thickness 0.06)))
    )
    (fp_line (start 1.48 0.73) (end -1.48 0.73) (layer F.CrtYd) (width 0.05))
    (fp_line (start 1.48 -0.73) (end 1.48 0.73) (layer F.CrtYd) (width 0.05))
    (fp_line (start -1.48 -0.73) (end 1.48 -0.73) (layer F.CrtYd) (width 0.05))
    (fp_line (start -1.48 0.73) (end -1.48 -0.73) (layer F.CrtYd) (width 0.05))
    (fp_line (start -0.162779 0.51) (end 0.162779 0.51) (layer F.SilkS) (width 0.12))
    (fp_line (start -0.162779 -0.51) (end 0.162779 -0.51) (layer F.SilkS) (width 0.12))
    (fp_line (start 0.8 0.4) (end -0.8 0.4) (layer F.Fab) (width 0.1))
    (fp_line (start 0.8 -0.4) (end 0.8 0.4) (layer F.Fab) (width 0.1))
    (fp_line (start -0.8 -0.4) (end 0.8 -0.4) (layer F.Fab) (width 0.1))
    (fp_line (start -0.8 0.4) (end -0.8 -0.4) (layer F.Fab) (width 0.1))
    (pad 2 smd roundrect (at 0.7875 0 180) (size 0.875 0.95) (layers F.Cu F.Paste F.Mask) (roundrect_rratio 0.25)
      (net 1 GND))
    (pad 1 smd roundrect (at -0.7875 0 180) (size 0.875 0.95) (layers F.Cu F.Paste F.Mask) (roundrect_rratio 0.25)
      (net 2 +3V3))
    (model ${KISYS3DMOD}/Capacitor_SMD.3dshapes/C_0603_1608Metric.wrl
      (at (xyz 0 0 0))
      (scale (xyz 1 1 1))
      (rotate (xyz 0 0 0))
    )
  )

  (module Capacitor_SMD:C_0603_1608Metric (layer F.Cu) (tedit 5B2B8521) (tstamp 5B2BEC96)
    (at 137.25 99.75 180)
    (descr "Capacitor SMD 0603 (1608 Metric), square (rectangular) end terminal, IPC_7351 nominal, (Body size source: http://www.tortai-tech.com/upload/download/2011102023233369053.pdf), generated with kicad-footprint-generator")
    (tags capacitor)
    (path /5B006FCB)
    (attr smd)
    (fp_text reference C5 (at -0.008428 -0.0045 180) (layer F.SilkS)
      (effects (font (size 0.4 0.4) (thickness 0.1)))
    )
    (fp_text value 0.1uF (at 0 1.43 180) (layer F.Fab)
      (effects (font (size 1 1) (thickness 0.15)))
    )
    (fp_line (start -0.8 0.4) (end -0.8 -0.4) (layer F.Fab) (width 0.1))
    (fp_line (start -0.8 -0.4) (end 0.8 -0.4) (layer F.Fab) (width 0.1))
    (fp_line (start 0.8 -0.4) (end 0.8 0.4) (layer F.Fab) (width 0.1))
    (fp_line (start 0.8 0.4) (end -0.8 0.4) (layer F.Fab) (width 0.1))
    (fp_line (start -0.162779 -0.51) (end 0.162779 -0.51) (layer F.SilkS) (width 0.12))
    (fp_line (start -0.162779 0.51) (end 0.162779 0.51) (layer F.SilkS) (width 0.12))
    (fp_line (start -1.48 0.73) (end -1.48 -0.73) (layer F.CrtYd) (width 0.05))
    (fp_line (start -1.48 -0.73) (end 1.48 -0.73) (layer F.CrtYd) (width 0.05))
    (fp_line (start 1.48 -0.73) (end 1.48 0.73) (layer F.CrtYd) (width 0.05))
    (fp_line (start 1.48 0.73) (end -1.48 0.73) (layer F.CrtYd) (width 0.05))
    (fp_text user %R (at 0 0 180) (layer F.Fab)
      (effects (font (size 0.4 0.4) (thickness 0.06)))
    )
    (pad 1 smd roundrect (at -0.7875 0 180) (size 0.875 0.95) (layers F.Cu F.Paste F.Mask) (roundrect_rratio 0.25)
      (net 2 +3V3))
    (pad 2 smd roundrect (at 0.7875 0 180) (size 0.875 0.95) (layers F.Cu F.Paste F.Mask) (roundrect_rratio 0.25)
      (net 1 GND))
    (model ${KISYS3DMOD}/Capacitor_SMD.3dshapes/C_0603_1608Metric.wrl
      (at (xyz 0 0 0))
      (scale (xyz 1 1 1))
      (rotate (xyz 0 0 0))
    )
  )

  (module Capacitor_SMD:C_0603_1608Metric (layer F.Cu) (tedit 5B2B84B8) (tstamp 5B2BECA7)
    (at 137.25 98.25 180)
    (descr "Capacitor SMD 0603 (1608 Metric), square (rectangular) end terminal, IPC_7351 nominal, (Body size source: http://www.tortai-tech.com/upload/download/2011102023233369053.pdf), generated with kicad-footprint-generator")
    (tags capacitor)
    (path /5B007164)
    (attr smd)
    (fp_text reference C6 (at -0.01 0.04 180) (layer F.SilkS)
      (effects (font (size 0.4 0.4) (thickness 0.1)))
    )
    (fp_text value 10uF (at 0 1.43 180) (layer F.Fab)
      (effects (font (size 1 1) (thickness 0.15)))
    )
    (fp_line (start -0.8 0.4) (end -0.8 -0.4) (layer F.Fab) (width 0.1))
    (fp_line (start -0.8 -0.4) (end 0.8 -0.4) (layer F.Fab) (width 0.1))
    (fp_line (start 0.8 -0.4) (end 0.8 0.4) (layer F.Fab) (width 0.1))
    (fp_line (start 0.8 0.4) (end -0.8 0.4) (layer F.Fab) (width 0.1))
    (fp_line (start -0.162779 -0.51) (end 0.162779 -0.51) (layer F.SilkS) (width 0.12))
    (fp_line (start -0.162779 0.51) (end 0.162779 0.51) (layer F.SilkS) (width 0.12))
    (fp_line (start -1.48 0.73) (end -1.48 -0.73) (layer F.CrtYd) (width 0.05))
    (fp_line (start -1.48 -0.73) (end 1.48 -0.73) (layer F.CrtYd) (width 0.05))
    (fp_line (start 1.48 -0.73) (end 1.48 0.73) (layer F.CrtYd) (width 0.05))
    (fp_line (start 1.48 0.73) (end -1.48 0.73) (layer F.CrtYd) (width 0.05))
    (fp_text user %R (at 0 0 180) (layer F.Fab)
      (effects (font (size 0.4 0.4) (thickness 0.06)))
    )
    (pad 1 smd roundrect (at -0.7875 0 180) (size 0.875 0.95) (layers F.Cu F.Paste F.Mask) (roundrect_rratio 0.25)
      (net 2 +3V3))
    (pad 2 smd roundrect (at 0.7875 0 180) (size 0.875 0.95) (layers F.Cu F.Paste F.Mask) (roundrect_rratio 0.25)
      (net 1 GND))
    (model ${KISYS3DMOD}/Capacitor_SMD.3dshapes/C_0603_1608Metric.wrl
      (at (xyz 0 0 0))
      (scale (xyz 1 1 1))
      (rotate (xyz 0 0 0))
    )
  )

  (module Capacitor_SMD:C_0603_1608Metric (layer F.Cu) (tedit 5B2B8560) (tstamp 5B2BECB8)
    (at 145.6 94.2 180)
    (descr "Capacitor SMD 0603 (1608 Metric), square (rectangular) end terminal, IPC_7351 nominal, (Body size source: http://www.tortai-tech.com/upload/download/2011102023233369053.pdf), generated with kicad-footprint-generator")
    (tags capacitor)
    (path /5B3074C6)
    (attr smd)
    (fp_text reference C7 (at 0.008476 0.0105 180) (layer F.SilkS)
      (effects (font (size 0.4 0.4) (thickness 0.1)))
    )
    (fp_text value 100nF (at 0 1.43 180) (layer F.Fab)
      (effects (font (size 1 1) (thickness 0.15)))
    )
    (fp_text user %R (at 0 0 180) (layer F.Fab)
      (effects (font (size 0.4 0.4) (thickness 0.06)))
    )
    (fp_line (start 1.48 0.73) (end -1.48 0.73) (layer F.CrtYd) (width 0.05))
    (fp_line (start 1.48 -0.73) (end 1.48 0.73) (layer F.CrtYd) (width 0.05))
    (fp_line (start -1.48 -0.73) (end 1.48 -0.73) (layer F.CrtYd) (width 0.05))
    (fp_line (start -1.48 0.73) (end -1.48 -0.73) (layer F.CrtYd) (width 0.05))
    (fp_line (start -0.162779 0.51) (end 0.162779 0.51) (layer F.SilkS) (width 0.12))
    (fp_line (start -0.162779 -0.51) (end 0.162779 -0.51) (layer F.SilkS) (width 0.12))
    (fp_line (start 0.8 0.4) (end -0.8 0.4) (layer F.Fab) (width 0.1))
    (fp_line (start 0.8 -0.4) (end 0.8 0.4) (layer F.Fab) (width 0.1))
    (fp_line (start -0.8 -0.4) (end 0.8 -0.4) (layer F.Fab) (width 0.1))
    (fp_line (start -0.8 0.4) (end -0.8 -0.4) (layer F.Fab) (width 0.1))
    (pad 2 smd roundrect (at 0.7875 0 180) (size 0.875 0.95) (layers F.Cu F.Paste F.Mask) (roundrect_rratio 0.25)
      (net 44 "Net-(C7-Pad2)"))
    (pad 1 smd roundrect (at -0.7875 0 180) (size 0.875 0.95) (layers F.Cu F.Paste F.Mask) (roundrect_rratio 0.25)
      (net 2 +3V3))
    (model ${KISYS3DMOD}/Capacitor_SMD.3dshapes/C_0603_1608Metric.wrl
      (at (xyz 0 0 0))
      (scale (xyz 1 1 1))
      (rotate (xyz 0 0 0))
    )
  )

  (module Capacitor_SMD:C_0603_1608Metric (layer F.Cu) (tedit 5B2B852E) (tstamp 5B2BECC9)
    (at 134.3 96.75)
    (descr "Capacitor SMD 0603 (1608 Metric), square (rectangular) end terminal, IPC_7351 nominal, (Body size source: http://www.tortai-tech.com/upload/download/2011102023233369053.pdf), generated with kicad-footprint-generator")
    (tags capacitor)
    (path /5B0304B9)
    (attr smd)
    (fp_text reference C8 (at -0.010333 0.0055) (layer F.SilkS)
      (effects (font (size 0.4 0.4) (thickness 0.1)))
    )
    (fp_text value 10pF (at 0 1.43) (layer F.Fab)
      (effects (font (size 1 1) (thickness 0.15)))
    )
    (fp_line (start -0.8 0.4) (end -0.8 -0.4) (layer F.Fab) (width 0.1))
    (fp_line (start -0.8 -0.4) (end 0.8 -0.4) (layer F.Fab) (width 0.1))
    (fp_line (start 0.8 -0.4) (end 0.8 0.4) (layer F.Fab) (width 0.1))
    (fp_line (start 0.8 0.4) (end -0.8 0.4) (layer F.Fab) (width 0.1))
    (fp_line (start -0.162779 -0.51) (end 0.162779 -0.51) (layer F.SilkS) (width 0.12))
    (fp_line (start -0.162779 0.51) (end 0.162779 0.51) (layer F.SilkS) (width 0.12))
    (fp_line (start -1.48 0.73) (end -1.48 -0.73) (layer F.CrtYd) (width 0.05))
    (fp_line (start -1.48 -0.73) (end 1.48 -0.73) (layer F.CrtYd) (width 0.05))
    (fp_line (start 1.48 -0.73) (end 1.48 0.73) (layer F.CrtYd) (width 0.05))
    (fp_line (start 1.48 0.73) (end -1.48 0.73) (layer F.CrtYd) (width 0.05))
    (fp_text user %R (at 0 0) (layer F.Fab)
      (effects (font (size 0.4 0.4) (thickness 0.06)))
    )
